{
 "cells": [
  {
   "cell_type": "code",
   "execution_count": 1,
   "metadata": {},
   "outputs": [],
   "source": [
    "import pandas as pd "
   ]
  },
  {
   "cell_type": "code",
   "execution_count": 10,
   "metadata": {},
   "outputs": [],
   "source": [
    "filePath = \"https://raw.githubusercontent.com/DIishanManathhunge/DataStorm/master/credit_card_default_train.csv\"\n",
    "df = pd.read_csv(filePath)"
   ]
  },
  {
   "cell_type": "code",
   "execution_count": 11,
   "metadata": {},
   "outputs": [
    {
     "data": {
      "text/html": [
       "<div>\n",
       "<style scoped>\n",
       "    .dataframe tbody tr th:only-of-type {\n",
       "        vertical-align: middle;\n",
       "    }\n",
       "\n",
       "    .dataframe tbody tr th {\n",
       "        vertical-align: top;\n",
       "    }\n",
       "\n",
       "    .dataframe thead th {\n",
       "        text-align: right;\n",
       "    }\n",
       "</style>\n",
       "<table border=\"1\" class=\"dataframe\">\n",
       "  <thead>\n",
       "    <tr style=\"text-align: right;\">\n",
       "      <th></th>\n",
       "      <th>Client_ID</th>\n",
       "      <th>Balance_Limit_V1</th>\n",
       "      <th>Gender</th>\n",
       "      <th>EDUCATION_STATUS</th>\n",
       "      <th>MARITAL_STATUS</th>\n",
       "      <th>AGE</th>\n",
       "      <th>PAY_JULY</th>\n",
       "      <th>PAY_AUG</th>\n",
       "      <th>PAY_SEP</th>\n",
       "      <th>PAY_OCT</th>\n",
       "      <th>...</th>\n",
       "      <th>DUE_AMT_OCT</th>\n",
       "      <th>DUE_AMT_NOV</th>\n",
       "      <th>DUE_AMT_DEC</th>\n",
       "      <th>PAID_AMT_JULY</th>\n",
       "      <th>PAID_AMT_AUG</th>\n",
       "      <th>PAID_AMT_SEP</th>\n",
       "      <th>PAID_AMT_OCT</th>\n",
       "      <th>PAID_AMT_NOV</th>\n",
       "      <th>PAID_AMT_DEC</th>\n",
       "      <th>NEXT_MONTH_DEFAULT</th>\n",
       "    </tr>\n",
       "  </thead>\n",
       "  <tbody>\n",
       "    <tr>\n",
       "      <td>0</td>\n",
       "      <td>A2</td>\n",
       "      <td>1M</td>\n",
       "      <td>M</td>\n",
       "      <td>Graduate</td>\n",
       "      <td>Other</td>\n",
       "      <td>31-45</td>\n",
       "      <td>-1</td>\n",
       "      <td>-1</td>\n",
       "      <td>-1</td>\n",
       "      <td>-1</td>\n",
       "      <td>...</td>\n",
       "      <td>39418</td>\n",
       "      <td>162772</td>\n",
       "      <td>-13982</td>\n",
       "      <td>3437</td>\n",
       "      <td>6004</td>\n",
       "      <td>39418</td>\n",
       "      <td>162772</td>\n",
       "      <td>0</td>\n",
       "      <td>538165</td>\n",
       "      <td>0</td>\n",
       "    </tr>\n",
       "    <tr>\n",
       "      <td>1</td>\n",
       "      <td>A3</td>\n",
       "      <td>1M</td>\n",
       "      <td>F</td>\n",
       "      <td>High School</td>\n",
       "      <td>Other</td>\n",
       "      <td>Less than 30</td>\n",
       "      <td>0</td>\n",
       "      <td>-1</td>\n",
       "      <td>-1</td>\n",
       "      <td>-1</td>\n",
       "      <td>...</td>\n",
       "      <td>43530</td>\n",
       "      <td>80811</td>\n",
       "      <td>124590</td>\n",
       "      <td>151818</td>\n",
       "      <td>46200</td>\n",
       "      <td>43530</td>\n",
       "      <td>80811</td>\n",
       "      <td>942</td>\n",
       "      <td>33666</td>\n",
       "      <td>0</td>\n",
       "    </tr>\n",
       "    <tr>\n",
       "      <td>2</td>\n",
       "      <td>A4</td>\n",
       "      <td>100K</td>\n",
       "      <td>F</td>\n",
       "      <td>High School</td>\n",
       "      <td>Single</td>\n",
       "      <td>31-45</td>\n",
       "      <td>4</td>\n",
       "      <td>3</td>\n",
       "      <td>2</td>\n",
       "      <td>2</td>\n",
       "      <td>...</td>\n",
       "      <td>0</td>\n",
       "      <td>0</td>\n",
       "      <td>0</td>\n",
       "      <td>0</td>\n",
       "      <td>0</td>\n",
       "      <td>0</td>\n",
       "      <td>0</td>\n",
       "      <td>0</td>\n",
       "      <td>0</td>\n",
       "      <td>1</td>\n",
       "    </tr>\n",
       "    <tr>\n",
       "      <td>3</td>\n",
       "      <td>A5</td>\n",
       "      <td>200K</td>\n",
       "      <td>F</td>\n",
       "      <td>Graduate</td>\n",
       "      <td>Single</td>\n",
       "      <td>31-45</td>\n",
       "      <td>2</td>\n",
       "      <td>0</td>\n",
       "      <td>0</td>\n",
       "      <td>0</td>\n",
       "      <td>...</td>\n",
       "      <td>97309</td>\n",
       "      <td>100353</td>\n",
       "      <td>102740</td>\n",
       "      <td>3855</td>\n",
       "      <td>3890</td>\n",
       "      <td>3696</td>\n",
       "      <td>4620</td>\n",
       "      <td>4049</td>\n",
       "      <td>3918</td>\n",
       "      <td>1</td>\n",
       "    </tr>\n",
       "    <tr>\n",
       "      <td>4</td>\n",
       "      <td>A6</td>\n",
       "      <td>1M</td>\n",
       "      <td>F</td>\n",
       "      <td>Graduate</td>\n",
       "      <td>Other</td>\n",
       "      <td>31-45</td>\n",
       "      <td>2</td>\n",
       "      <td>2</td>\n",
       "      <td>0</td>\n",
       "      <td>0</td>\n",
       "      <td>...</td>\n",
       "      <td>435354</td>\n",
       "      <td>445271</td>\n",
       "      <td>453899</td>\n",
       "      <td>0</td>\n",
       "      <td>20790</td>\n",
       "      <td>16170</td>\n",
       "      <td>17325</td>\n",
       "      <td>16401</td>\n",
       "      <td>17325</td>\n",
       "      <td>0</td>\n",
       "    </tr>\n",
       "  </tbody>\n",
       "</table>\n",
       "<p>5 rows × 25 columns</p>\n",
       "</div>"
      ],
      "text/plain": [
       "  Client_ID Balance_Limit_V1 Gender EDUCATION_STATUS MARITAL_STATUS  \\\n",
       "0        A2               1M      M         Graduate          Other   \n",
       "1        A3               1M      F      High School          Other   \n",
       "2        A4             100K      F      High School         Single   \n",
       "3        A5             200K      F         Graduate         Single   \n",
       "4        A6               1M      F         Graduate          Other   \n",
       "\n",
       "            AGE  PAY_JULY  PAY_AUG  PAY_SEP  PAY_OCT  ...  DUE_AMT_OCT  \\\n",
       "0         31-45        -1       -1       -1       -1  ...        39418   \n",
       "1  Less than 30         0       -1       -1       -1  ...        43530   \n",
       "2         31-45         4        3        2        2  ...            0   \n",
       "3         31-45         2        0        0        0  ...        97309   \n",
       "4         31-45         2        2        0        0  ...       435354   \n",
       "\n",
       "   DUE_AMT_NOV  DUE_AMT_DEC  PAID_AMT_JULY  PAID_AMT_AUG  PAID_AMT_SEP  \\\n",
       "0       162772       -13982           3437          6004         39418   \n",
       "1        80811       124590         151818         46200         43530   \n",
       "2            0            0              0             0             0   \n",
       "3       100353       102740           3855          3890          3696   \n",
       "4       445271       453899              0         20790         16170   \n",
       "\n",
       "   PAID_AMT_OCT  PAID_AMT_NOV  PAID_AMT_DEC  NEXT_MONTH_DEFAULT  \n",
       "0        162772             0        538165                   0  \n",
       "1         80811           942         33666                   0  \n",
       "2             0             0             0                   1  \n",
       "3          4620          4049          3918                   1  \n",
       "4         17325         16401         17325                   0  \n",
       "\n",
       "[5 rows x 25 columns]"
      ]
     },
     "execution_count": 11,
     "metadata": {},
     "output_type": "execute_result"
    }
   ],
   "source": [
    "df.head()"
   ]
  },
  {
   "cell_type": "code",
   "execution_count": 12,
   "metadata": {},
   "outputs": [
    {
     "data": {
      "text/html": [
       "<div>\n",
       "<style scoped>\n",
       "    .dataframe tbody tr th:only-of-type {\n",
       "        vertical-align: middle;\n",
       "    }\n",
       "\n",
       "    .dataframe tbody tr th {\n",
       "        vertical-align: top;\n",
       "    }\n",
       "\n",
       "    .dataframe thead th {\n",
       "        text-align: right;\n",
       "    }\n",
       "</style>\n",
       "<table border=\"1\" class=\"dataframe\">\n",
       "  <thead>\n",
       "    <tr style=\"text-align: right;\">\n",
       "      <th></th>\n",
       "      <th>PAY_JULY</th>\n",
       "      <th>PAY_AUG</th>\n",
       "      <th>PAY_SEP</th>\n",
       "      <th>PAY_OCT</th>\n",
       "      <th>PAY_NOV</th>\n",
       "      <th>PAY_DEC</th>\n",
       "      <th>DUE_AMT_JULY</th>\n",
       "      <th>DUE_AMT_AUG</th>\n",
       "      <th>DUE_AMT_SEP</th>\n",
       "      <th>DUE_AMT_OCT</th>\n",
       "      <th>DUE_AMT_NOV</th>\n",
       "      <th>DUE_AMT_DEC</th>\n",
       "      <th>PAID_AMT_JULY</th>\n",
       "      <th>PAID_AMT_AUG</th>\n",
       "      <th>PAID_AMT_SEP</th>\n",
       "      <th>PAID_AMT_OCT</th>\n",
       "      <th>PAID_AMT_NOV</th>\n",
       "      <th>PAID_AMT_DEC</th>\n",
       "      <th>NEXT_MONTH_DEFAULT</th>\n",
       "    </tr>\n",
       "  </thead>\n",
       "  <tbody>\n",
       "    <tr>\n",
       "      <td>PAY_JULY</td>\n",
       "      <td>1.000000</td>\n",
       "      <td>0.672879</td>\n",
       "      <td>0.573821</td>\n",
       "      <td>0.536305</td>\n",
       "      <td>0.507525</td>\n",
       "      <td>0.472829</td>\n",
       "      <td>0.185679</td>\n",
       "      <td>0.188490</td>\n",
       "      <td>0.177217</td>\n",
       "      <td>0.178472</td>\n",
       "      <td>0.178960</td>\n",
       "      <td>0.174119</td>\n",
       "      <td>-0.076644</td>\n",
       "      <td>-0.070682</td>\n",
       "      <td>-0.071913</td>\n",
       "      <td>-0.066168</td>\n",
       "      <td>-0.061783</td>\n",
       "      <td>-0.057384</td>\n",
       "      <td>0.324362</td>\n",
       "    </tr>\n",
       "    <tr>\n",
       "      <td>PAY_AUG</td>\n",
       "      <td>0.672879</td>\n",
       "      <td>1.000000</td>\n",
       "      <td>0.769483</td>\n",
       "      <td>0.663299</td>\n",
       "      <td>0.623183</td>\n",
       "      <td>0.574809</td>\n",
       "      <td>0.231329</td>\n",
       "      <td>0.232236</td>\n",
       "      <td>0.220307</td>\n",
       "      <td>0.220035</td>\n",
       "      <td>0.218245</td>\n",
       "      <td>0.216508</td>\n",
       "      <td>-0.080020</td>\n",
       "      <td>-0.058695</td>\n",
       "      <td>-0.056812</td>\n",
       "      <td>-0.048867</td>\n",
       "      <td>-0.039992</td>\n",
       "      <td>-0.038290</td>\n",
       "      <td>0.260531</td>\n",
       "    </tr>\n",
       "    <tr>\n",
       "      <td>PAY_SEP</td>\n",
       "      <td>0.573821</td>\n",
       "      <td>0.769483</td>\n",
       "      <td>1.000000</td>\n",
       "      <td>0.777325</td>\n",
       "      <td>0.685249</td>\n",
       "      <td>0.631860</td>\n",
       "      <td>0.206157</td>\n",
       "      <td>0.235612</td>\n",
       "      <td>0.225075</td>\n",
       "      <td>0.225870</td>\n",
       "      <td>0.222367</td>\n",
       "      <td>0.218815</td>\n",
       "      <td>0.001269</td>\n",
       "      <td>-0.066148</td>\n",
       "      <td>-0.053531</td>\n",
       "      <td>-0.046878</td>\n",
       "      <td>-0.039132</td>\n",
       "      <td>-0.037385</td>\n",
       "      <td>0.229338</td>\n",
       "    </tr>\n",
       "    <tr>\n",
       "      <td>PAY_OCT</td>\n",
       "      <td>0.536305</td>\n",
       "      <td>0.663299</td>\n",
       "      <td>0.777325</td>\n",
       "      <td>1.000000</td>\n",
       "      <td>0.816308</td>\n",
       "      <td>0.712701</td>\n",
       "      <td>0.201448</td>\n",
       "      <td>0.224754</td>\n",
       "      <td>0.243126</td>\n",
       "      <td>0.245476</td>\n",
       "      <td>0.241471</td>\n",
       "      <td>0.237184</td>\n",
       "      <td>-0.009805</td>\n",
       "      <td>-0.002688</td>\n",
       "      <td>-0.067323</td>\n",
       "      <td>-0.042888</td>\n",
       "      <td>-0.034969</td>\n",
       "      <td>-0.026743</td>\n",
       "      <td>0.212407</td>\n",
       "    </tr>\n",
       "    <tr>\n",
       "      <td>PAY_NOV</td>\n",
       "      <td>0.507525</td>\n",
       "      <td>0.623183</td>\n",
       "      <td>0.685249</td>\n",
       "      <td>0.816308</td>\n",
       "      <td>1.000000</td>\n",
       "      <td>0.815471</td>\n",
       "      <td>0.204633</td>\n",
       "      <td>0.225546</td>\n",
       "      <td>0.241057</td>\n",
       "      <td>0.271744</td>\n",
       "      <td>0.267499</td>\n",
       "      <td>0.260156</td>\n",
       "      <td>-0.006152</td>\n",
       "      <td>-0.004038</td>\n",
       "      <td>0.010612</td>\n",
       "      <td>-0.060685</td>\n",
       "      <td>-0.034906</td>\n",
       "      <td>-0.023680</td>\n",
       "      <td>0.201231</td>\n",
       "    </tr>\n",
       "    <tr>\n",
       "      <td>PAY_DEC</td>\n",
       "      <td>0.472829</td>\n",
       "      <td>0.574809</td>\n",
       "      <td>0.631860</td>\n",
       "      <td>0.712701</td>\n",
       "      <td>0.815471</td>\n",
       "      <td>1.000000</td>\n",
       "      <td>0.207887</td>\n",
       "      <td>0.227899</td>\n",
       "      <td>0.240951</td>\n",
       "      <td>0.268478</td>\n",
       "      <td>0.291123</td>\n",
       "      <td>0.285800</td>\n",
       "      <td>-0.002368</td>\n",
       "      <td>-0.006481</td>\n",
       "      <td>0.007749</td>\n",
       "      <td>0.017287</td>\n",
       "      <td>-0.047212</td>\n",
       "      <td>-0.026352</td>\n",
       "      <td>0.187095</td>\n",
       "    </tr>\n",
       "    <tr>\n",
       "      <td>DUE_AMT_JULY</td>\n",
       "      <td>0.185679</td>\n",
       "      <td>0.231329</td>\n",
       "      <td>0.206157</td>\n",
       "      <td>0.201448</td>\n",
       "      <td>0.204633</td>\n",
       "      <td>0.207887</td>\n",
       "      <td>1.000000</td>\n",
       "      <td>0.950565</td>\n",
       "      <td>0.892059</td>\n",
       "      <td>0.863839</td>\n",
       "      <td>0.831057</td>\n",
       "      <td>0.804521</td>\n",
       "      <td>0.144440</td>\n",
       "      <td>0.096829</td>\n",
       "      <td>0.157601</td>\n",
       "      <td>0.153476</td>\n",
       "      <td>0.170202</td>\n",
       "      <td>0.182608</td>\n",
       "      <td>-0.020010</td>\n",
       "    </tr>\n",
       "    <tr>\n",
       "      <td>DUE_AMT_AUG</td>\n",
       "      <td>0.188490</td>\n",
       "      <td>0.232236</td>\n",
       "      <td>0.235612</td>\n",
       "      <td>0.224754</td>\n",
       "      <td>0.225546</td>\n",
       "      <td>0.227899</td>\n",
       "      <td>0.950565</td>\n",
       "      <td>1.000000</td>\n",
       "      <td>0.927536</td>\n",
       "      <td>0.895408</td>\n",
       "      <td>0.860712</td>\n",
       "      <td>0.832827</td>\n",
       "      <td>0.281000</td>\n",
       "      <td>0.097045</td>\n",
       "      <td>0.150237</td>\n",
       "      <td>0.143024</td>\n",
       "      <td>0.159475</td>\n",
       "      <td>0.176560</td>\n",
       "      <td>-0.015180</td>\n",
       "    </tr>\n",
       "    <tr>\n",
       "      <td>DUE_AMT_SEP</td>\n",
       "      <td>0.177217</td>\n",
       "      <td>0.220307</td>\n",
       "      <td>0.225075</td>\n",
       "      <td>0.243126</td>\n",
       "      <td>0.241057</td>\n",
       "      <td>0.240951</td>\n",
       "      <td>0.892059</td>\n",
       "      <td>0.927536</td>\n",
       "      <td>1.000000</td>\n",
       "      <td>0.925856</td>\n",
       "      <td>0.882956</td>\n",
       "      <td>0.852853</td>\n",
       "      <td>0.244708</td>\n",
       "      <td>0.321043</td>\n",
       "      <td>0.135036</td>\n",
       "      <td>0.139492</td>\n",
       "      <td>0.184681</td>\n",
       "      <td>0.185856</td>\n",
       "      <td>-0.014722</td>\n",
       "    </tr>\n",
       "    <tr>\n",
       "      <td>DUE_AMT_OCT</td>\n",
       "      <td>0.178472</td>\n",
       "      <td>0.220035</td>\n",
       "      <td>0.225870</td>\n",
       "      <td>0.245476</td>\n",
       "      <td>0.271744</td>\n",
       "      <td>0.268478</td>\n",
       "      <td>0.863839</td>\n",
       "      <td>0.895408</td>\n",
       "      <td>0.925856</td>\n",
       "      <td>1.000000</td>\n",
       "      <td>0.943829</td>\n",
       "      <td>0.902990</td>\n",
       "      <td>0.231752</td>\n",
       "      <td>0.206784</td>\n",
       "      <td>0.294563</td>\n",
       "      <td>0.123438</td>\n",
       "      <td>0.160429</td>\n",
       "      <td>0.180535</td>\n",
       "      <td>-0.009755</td>\n",
       "    </tr>\n",
       "    <tr>\n",
       "      <td>DUE_AMT_NOV</td>\n",
       "      <td>0.178960</td>\n",
       "      <td>0.218245</td>\n",
       "      <td>0.222367</td>\n",
       "      <td>0.241471</td>\n",
       "      <td>0.267499</td>\n",
       "      <td>0.291123</td>\n",
       "      <td>0.831057</td>\n",
       "      <td>0.860712</td>\n",
       "      <td>0.882956</td>\n",
       "      <td>0.943829</td>\n",
       "      <td>1.000000</td>\n",
       "      <td>0.944407</td>\n",
       "      <td>0.214287</td>\n",
       "      <td>0.179784</td>\n",
       "      <td>0.257472</td>\n",
       "      <td>0.285378</td>\n",
       "      <td>0.139982</td>\n",
       "      <td>0.163346</td>\n",
       "      <td>-0.007614</td>\n",
       "    </tr>\n",
       "    <tr>\n",
       "      <td>DUE_AMT_DEC</td>\n",
       "      <td>0.174119</td>\n",
       "      <td>0.216508</td>\n",
       "      <td>0.218815</td>\n",
       "      <td>0.237184</td>\n",
       "      <td>0.260156</td>\n",
       "      <td>0.285800</td>\n",
       "      <td>0.804521</td>\n",
       "      <td>0.832827</td>\n",
       "      <td>0.852853</td>\n",
       "      <td>0.902990</td>\n",
       "      <td>0.944407</td>\n",
       "      <td>1.000000</td>\n",
       "      <td>0.196324</td>\n",
       "      <td>0.172364</td>\n",
       "      <td>0.237617</td>\n",
       "      <td>0.244229</td>\n",
       "      <td>0.306355</td>\n",
       "      <td>0.112242</td>\n",
       "      <td>-0.006521</td>\n",
       "    </tr>\n",
       "    <tr>\n",
       "      <td>PAID_AMT_JULY</td>\n",
       "      <td>-0.076644</td>\n",
       "      <td>-0.080020</td>\n",
       "      <td>0.001269</td>\n",
       "      <td>-0.009805</td>\n",
       "      <td>-0.006152</td>\n",
       "      <td>-0.002368</td>\n",
       "      <td>0.144440</td>\n",
       "      <td>0.281000</td>\n",
       "      <td>0.244708</td>\n",
       "      <td>0.231752</td>\n",
       "      <td>0.214287</td>\n",
       "      <td>0.196324</td>\n",
       "      <td>1.000000</td>\n",
       "      <td>0.297031</td>\n",
       "      <td>0.266274</td>\n",
       "      <td>0.217511</td>\n",
       "      <td>0.152801</td>\n",
       "      <td>0.190226</td>\n",
       "      <td>-0.072891</td>\n",
       "    </tr>\n",
       "    <tr>\n",
       "      <td>PAID_AMT_AUG</td>\n",
       "      <td>-0.070682</td>\n",
       "      <td>-0.058695</td>\n",
       "      <td>-0.066148</td>\n",
       "      <td>-0.002688</td>\n",
       "      <td>-0.004038</td>\n",
       "      <td>-0.006481</td>\n",
       "      <td>0.096829</td>\n",
       "      <td>0.097045</td>\n",
       "      <td>0.321043</td>\n",
       "      <td>0.206784</td>\n",
       "      <td>0.179784</td>\n",
       "      <td>0.172364</td>\n",
       "      <td>0.297031</td>\n",
       "      <td>1.000000</td>\n",
       "      <td>0.264853</td>\n",
       "      <td>0.191281</td>\n",
       "      <td>0.191489</td>\n",
       "      <td>0.159635</td>\n",
       "      <td>-0.059039</td>\n",
       "    </tr>\n",
       "    <tr>\n",
       "      <td>PAID_AMT_SEP</td>\n",
       "      <td>-0.071913</td>\n",
       "      <td>-0.056812</td>\n",
       "      <td>-0.053531</td>\n",
       "      <td>-0.067323</td>\n",
       "      <td>0.010612</td>\n",
       "      <td>0.007749</td>\n",
       "      <td>0.157601</td>\n",
       "      <td>0.150237</td>\n",
       "      <td>0.135036</td>\n",
       "      <td>0.294563</td>\n",
       "      <td>0.257472</td>\n",
       "      <td>0.237617</td>\n",
       "      <td>0.266274</td>\n",
       "      <td>0.264853</td>\n",
       "      <td>1.000000</td>\n",
       "      <td>0.235509</td>\n",
       "      <td>0.165690</td>\n",
       "      <td>0.169208</td>\n",
       "      <td>-0.057808</td>\n",
       "    </tr>\n",
       "    <tr>\n",
       "      <td>PAID_AMT_OCT</td>\n",
       "      <td>-0.066168</td>\n",
       "      <td>-0.048867</td>\n",
       "      <td>-0.046878</td>\n",
       "      <td>-0.042888</td>\n",
       "      <td>-0.060685</td>\n",
       "      <td>0.017287</td>\n",
       "      <td>0.153476</td>\n",
       "      <td>0.143024</td>\n",
       "      <td>0.139492</td>\n",
       "      <td>0.123438</td>\n",
       "      <td>0.285378</td>\n",
       "      <td>0.244229</td>\n",
       "      <td>0.217511</td>\n",
       "      <td>0.191281</td>\n",
       "      <td>0.235509</td>\n",
       "      <td>1.000000</td>\n",
       "      <td>0.147509</td>\n",
       "      <td>0.154641</td>\n",
       "      <td>-0.056143</td>\n",
       "    </tr>\n",
       "    <tr>\n",
       "      <td>PAID_AMT_NOV</td>\n",
       "      <td>-0.061783</td>\n",
       "      <td>-0.039992</td>\n",
       "      <td>-0.039132</td>\n",
       "      <td>-0.034969</td>\n",
       "      <td>-0.034906</td>\n",
       "      <td>-0.047212</td>\n",
       "      <td>0.170202</td>\n",
       "      <td>0.159475</td>\n",
       "      <td>0.184681</td>\n",
       "      <td>0.160429</td>\n",
       "      <td>0.139982</td>\n",
       "      <td>0.306355</td>\n",
       "      <td>0.152801</td>\n",
       "      <td>0.191489</td>\n",
       "      <td>0.165690</td>\n",
       "      <td>0.147509</td>\n",
       "      <td>1.000000</td>\n",
       "      <td>0.156570</td>\n",
       "      <td>-0.053849</td>\n",
       "    </tr>\n",
       "    <tr>\n",
       "      <td>PAID_AMT_DEC</td>\n",
       "      <td>-0.057384</td>\n",
       "      <td>-0.038290</td>\n",
       "      <td>-0.037385</td>\n",
       "      <td>-0.026743</td>\n",
       "      <td>-0.023680</td>\n",
       "      <td>-0.026352</td>\n",
       "      <td>0.182608</td>\n",
       "      <td>0.176560</td>\n",
       "      <td>0.185856</td>\n",
       "      <td>0.180535</td>\n",
       "      <td>0.163346</td>\n",
       "      <td>0.112242</td>\n",
       "      <td>0.190226</td>\n",
       "      <td>0.159635</td>\n",
       "      <td>0.169208</td>\n",
       "      <td>0.154641</td>\n",
       "      <td>0.156570</td>\n",
       "      <td>1.000000</td>\n",
       "      <td>-0.052466</td>\n",
       "    </tr>\n",
       "    <tr>\n",
       "      <td>NEXT_MONTH_DEFAULT</td>\n",
       "      <td>0.324362</td>\n",
       "      <td>0.260531</td>\n",
       "      <td>0.229338</td>\n",
       "      <td>0.212407</td>\n",
       "      <td>0.201231</td>\n",
       "      <td>0.187095</td>\n",
       "      <td>-0.020010</td>\n",
       "      <td>-0.015180</td>\n",
       "      <td>-0.014722</td>\n",
       "      <td>-0.009755</td>\n",
       "      <td>-0.007614</td>\n",
       "      <td>-0.006521</td>\n",
       "      <td>-0.072891</td>\n",
       "      <td>-0.059039</td>\n",
       "      <td>-0.057808</td>\n",
       "      <td>-0.056143</td>\n",
       "      <td>-0.053849</td>\n",
       "      <td>-0.052466</td>\n",
       "      <td>1.000000</td>\n",
       "    </tr>\n",
       "  </tbody>\n",
       "</table>\n",
       "</div>"
      ],
      "text/plain": [
       "                    PAY_JULY   PAY_AUG   PAY_SEP   PAY_OCT   PAY_NOV  \\\n",
       "PAY_JULY            1.000000  0.672879  0.573821  0.536305  0.507525   \n",
       "PAY_AUG             0.672879  1.000000  0.769483  0.663299  0.623183   \n",
       "PAY_SEP             0.573821  0.769483  1.000000  0.777325  0.685249   \n",
       "PAY_OCT             0.536305  0.663299  0.777325  1.000000  0.816308   \n",
       "PAY_NOV             0.507525  0.623183  0.685249  0.816308  1.000000   \n",
       "PAY_DEC             0.472829  0.574809  0.631860  0.712701  0.815471   \n",
       "DUE_AMT_JULY        0.185679  0.231329  0.206157  0.201448  0.204633   \n",
       "DUE_AMT_AUG         0.188490  0.232236  0.235612  0.224754  0.225546   \n",
       "DUE_AMT_SEP         0.177217  0.220307  0.225075  0.243126  0.241057   \n",
       "DUE_AMT_OCT         0.178472  0.220035  0.225870  0.245476  0.271744   \n",
       "DUE_AMT_NOV         0.178960  0.218245  0.222367  0.241471  0.267499   \n",
       "DUE_AMT_DEC         0.174119  0.216508  0.218815  0.237184  0.260156   \n",
       "PAID_AMT_JULY      -0.076644 -0.080020  0.001269 -0.009805 -0.006152   \n",
       "PAID_AMT_AUG       -0.070682 -0.058695 -0.066148 -0.002688 -0.004038   \n",
       "PAID_AMT_SEP       -0.071913 -0.056812 -0.053531 -0.067323  0.010612   \n",
       "PAID_AMT_OCT       -0.066168 -0.048867 -0.046878 -0.042888 -0.060685   \n",
       "PAID_AMT_NOV       -0.061783 -0.039992 -0.039132 -0.034969 -0.034906   \n",
       "PAID_AMT_DEC       -0.057384 -0.038290 -0.037385 -0.026743 -0.023680   \n",
       "NEXT_MONTH_DEFAULT  0.324362  0.260531  0.229338  0.212407  0.201231   \n",
       "\n",
       "                     PAY_DEC  DUE_AMT_JULY  DUE_AMT_AUG  DUE_AMT_SEP  \\\n",
       "PAY_JULY            0.472829      0.185679     0.188490     0.177217   \n",
       "PAY_AUG             0.574809      0.231329     0.232236     0.220307   \n",
       "PAY_SEP             0.631860      0.206157     0.235612     0.225075   \n",
       "PAY_OCT             0.712701      0.201448     0.224754     0.243126   \n",
       "PAY_NOV             0.815471      0.204633     0.225546     0.241057   \n",
       "PAY_DEC             1.000000      0.207887     0.227899     0.240951   \n",
       "DUE_AMT_JULY        0.207887      1.000000     0.950565     0.892059   \n",
       "DUE_AMT_AUG         0.227899      0.950565     1.000000     0.927536   \n",
       "DUE_AMT_SEP         0.240951      0.892059     0.927536     1.000000   \n",
       "DUE_AMT_OCT         0.268478      0.863839     0.895408     0.925856   \n",
       "DUE_AMT_NOV         0.291123      0.831057     0.860712     0.882956   \n",
       "DUE_AMT_DEC         0.285800      0.804521     0.832827     0.852853   \n",
       "PAID_AMT_JULY      -0.002368      0.144440     0.281000     0.244708   \n",
       "PAID_AMT_AUG       -0.006481      0.096829     0.097045     0.321043   \n",
       "PAID_AMT_SEP        0.007749      0.157601     0.150237     0.135036   \n",
       "PAID_AMT_OCT        0.017287      0.153476     0.143024     0.139492   \n",
       "PAID_AMT_NOV       -0.047212      0.170202     0.159475     0.184681   \n",
       "PAID_AMT_DEC       -0.026352      0.182608     0.176560     0.185856   \n",
       "NEXT_MONTH_DEFAULT  0.187095     -0.020010    -0.015180    -0.014722   \n",
       "\n",
       "                    DUE_AMT_OCT  DUE_AMT_NOV  DUE_AMT_DEC  PAID_AMT_JULY  \\\n",
       "PAY_JULY               0.178472     0.178960     0.174119      -0.076644   \n",
       "PAY_AUG                0.220035     0.218245     0.216508      -0.080020   \n",
       "PAY_SEP                0.225870     0.222367     0.218815       0.001269   \n",
       "PAY_OCT                0.245476     0.241471     0.237184      -0.009805   \n",
       "PAY_NOV                0.271744     0.267499     0.260156      -0.006152   \n",
       "PAY_DEC                0.268478     0.291123     0.285800      -0.002368   \n",
       "DUE_AMT_JULY           0.863839     0.831057     0.804521       0.144440   \n",
       "DUE_AMT_AUG            0.895408     0.860712     0.832827       0.281000   \n",
       "DUE_AMT_SEP            0.925856     0.882956     0.852853       0.244708   \n",
       "DUE_AMT_OCT            1.000000     0.943829     0.902990       0.231752   \n",
       "DUE_AMT_NOV            0.943829     1.000000     0.944407       0.214287   \n",
       "DUE_AMT_DEC            0.902990     0.944407     1.000000       0.196324   \n",
       "PAID_AMT_JULY          0.231752     0.214287     0.196324       1.000000   \n",
       "PAID_AMT_AUG           0.206784     0.179784     0.172364       0.297031   \n",
       "PAID_AMT_SEP           0.294563     0.257472     0.237617       0.266274   \n",
       "PAID_AMT_OCT           0.123438     0.285378     0.244229       0.217511   \n",
       "PAID_AMT_NOV           0.160429     0.139982     0.306355       0.152801   \n",
       "PAID_AMT_DEC           0.180535     0.163346     0.112242       0.190226   \n",
       "NEXT_MONTH_DEFAULT    -0.009755    -0.007614    -0.006521      -0.072891   \n",
       "\n",
       "                    PAID_AMT_AUG  PAID_AMT_SEP  PAID_AMT_OCT  PAID_AMT_NOV  \\\n",
       "PAY_JULY               -0.070682     -0.071913     -0.066168     -0.061783   \n",
       "PAY_AUG                -0.058695     -0.056812     -0.048867     -0.039992   \n",
       "PAY_SEP                -0.066148     -0.053531     -0.046878     -0.039132   \n",
       "PAY_OCT                -0.002688     -0.067323     -0.042888     -0.034969   \n",
       "PAY_NOV                -0.004038      0.010612     -0.060685     -0.034906   \n",
       "PAY_DEC                -0.006481      0.007749      0.017287     -0.047212   \n",
       "DUE_AMT_JULY            0.096829      0.157601      0.153476      0.170202   \n",
       "DUE_AMT_AUG             0.097045      0.150237      0.143024      0.159475   \n",
       "DUE_AMT_SEP             0.321043      0.135036      0.139492      0.184681   \n",
       "DUE_AMT_OCT             0.206784      0.294563      0.123438      0.160429   \n",
       "DUE_AMT_NOV             0.179784      0.257472      0.285378      0.139982   \n",
       "DUE_AMT_DEC             0.172364      0.237617      0.244229      0.306355   \n",
       "PAID_AMT_JULY           0.297031      0.266274      0.217511      0.152801   \n",
       "PAID_AMT_AUG            1.000000      0.264853      0.191281      0.191489   \n",
       "PAID_AMT_SEP            0.264853      1.000000      0.235509      0.165690   \n",
       "PAID_AMT_OCT            0.191281      0.235509      1.000000      0.147509   \n",
       "PAID_AMT_NOV            0.191489      0.165690      0.147509      1.000000   \n",
       "PAID_AMT_DEC            0.159635      0.169208      0.154641      0.156570   \n",
       "NEXT_MONTH_DEFAULT     -0.059039     -0.057808     -0.056143     -0.053849   \n",
       "\n",
       "                    PAID_AMT_DEC  NEXT_MONTH_DEFAULT  \n",
       "PAY_JULY               -0.057384            0.324362  \n",
       "PAY_AUG                -0.038290            0.260531  \n",
       "PAY_SEP                -0.037385            0.229338  \n",
       "PAY_OCT                -0.026743            0.212407  \n",
       "PAY_NOV                -0.023680            0.201231  \n",
       "PAY_DEC                -0.026352            0.187095  \n",
       "DUE_AMT_JULY            0.182608           -0.020010  \n",
       "DUE_AMT_AUG             0.176560           -0.015180  \n",
       "DUE_AMT_SEP             0.185856           -0.014722  \n",
       "DUE_AMT_OCT             0.180535           -0.009755  \n",
       "DUE_AMT_NOV             0.163346           -0.007614  \n",
       "DUE_AMT_DEC             0.112242           -0.006521  \n",
       "PAID_AMT_JULY           0.190226           -0.072891  \n",
       "PAID_AMT_AUG            0.159635           -0.059039  \n",
       "PAID_AMT_SEP            0.169208           -0.057808  \n",
       "PAID_AMT_OCT            0.154641           -0.056143  \n",
       "PAID_AMT_NOV            0.156570           -0.053849  \n",
       "PAID_AMT_DEC            1.000000           -0.052466  \n",
       "NEXT_MONTH_DEFAULT     -0.052466            1.000000  "
      ]
     },
     "execution_count": 12,
     "metadata": {},
     "output_type": "execute_result"
    }
   ],
   "source": [
    "df.corr()"
   ]
  },
  {
   "cell_type": "code",
   "execution_count": null,
   "metadata": {},
   "outputs": [],
   "source": []
  }
 ],
 "metadata": {
  "kernelspec": {
   "display_name": "Python 3",
   "language": "python",
   "name": "python3"
  },
  "language_info": {
   "codemirror_mode": {
    "name": "ipython",
    "version": 3
   },
   "file_extension": ".py",
   "mimetype": "text/x-python",
   "name": "python",
   "nbconvert_exporter": "python",
   "pygments_lexer": "ipython3",
   "version": "3.7.4"
  }
 },
 "nbformat": 4,
 "nbformat_minor": 2
}
